idx	label	predict	correct	time
0	3	3	1	0:00:00.155570
100	4	-1	0	0:00:00.030216
200	5	5	1	0:00:00.030217
300	6	6	1	0:00:00.027991
400	9	9	1	0:00:00.026862
500	4	6	0	0:00:00.026872
600	8	8	1	0:00:00.026870
700	7	7	1	0:00:00.026763
800	7	7	1	0:00:00.026725
900	2	2	1	0:00:00.026709
1000	5	5	1	0:00:00.026718
1100	7	7	1	0:00:00.026707
1200	8	8	1	0:00:00.026793
1300	4	3	0	0:00:00.026739
1400	5	3	0	0:00:00.026412
1500	1	1	1	0:00:00.026385
1600	8	9	0	0:00:00.026371
1700	5	-1	0	0:00:00.026383
1800	4	-1	0	0:00:00.026299
1900	8	8	1	0:00:00.026473
2000	1	1	1	0:00:00.026449
2100	2	2	1	0:00:00.026366
2200	0	-1	0	0:00:00.026405
2300	3	3	1	0:00:00.026343
2400	0	0	1	0:00:00.026335
2500	4	4	1	0:00:00.026257
2600	8	8	1	0:00:00.026485
2700	9	9	1	0:00:00.026456
2800	4	4	1	0:00:00.026356
2900	3	5	0	0:00:00.026470
3000	5	5	1	0:00:00.026504
3100	0	0	1	0:00:00.026506
3200	5	7	0	0:00:00.026389
3300	4	4	1	0:00:00.026385
3400	6	4	0	0:00:00.026374
3500	1	1	1	0:00:00.026380
3600	4	2	0	0:00:00.026255
3700	3	3	1	0:00:00.026423
3800	9	9	1	0:00:00.026490
3900	3	3	1	0:00:00.026472
4000	8	0	0	0:00:00.026507
4100	7	7	1	0:00:00.026398
4200	4	4	1	0:00:00.026360
4300	8	8	1	0:00:00.026391
4400	3	-1	0	0:00:00.026370
4500	3	5	0	0:00:00.026572
4600	4	7	0	0:00:00.026419
4700	6	5	0	0:00:00.026357
4800	9	9	1	0:00:00.026492
4900	3	6	0	0:00:00.026486
5000	7	7	1	0:00:00.026488
5100	3	3	1	0:00:00.026462
5200	3	3	1	0:00:00.026388
5300	9	9	1	0:00:00.026397
5400	9	9	1	0:00:00.026591
5500	8	8	1	0:00:00.026483
5600	6	-1	0	0:00:00.026490
5700	3	3	1	0:00:00.026499
5800	2	2	1	0:00:00.026451
5900	4	-1	0	0:00:00.026357
6000	8	8	1	0:00:00.026489
6100	1	1	1	0:00:00.026492
6200	3	3	1	0:00:00.026488
6300	1	1	1	0:00:00.026489
6400	0	0	1	0:00:00.026358
6500	7	4	0	0:00:00.026347
6600	7	7	1	0:00:00.026385
6700	6	6	1	0:00:00.026369
6800	6	6	1	0:00:00.026306
6900	3	3	1	0:00:00.026337
7000	2	0	0	0:00:00.026583
7100	9	3	0	0:00:00.026485
7200	4	4	1	0:00:00.026468
7300	3	-1	0	0:00:00.026469
7400	3	5	0	0:00:00.026434
7500	6	6	1	0:00:00.026387
7600	8	9	0	0:00:00.026588
7700	6	6	1	0:00:00.026432
7800	0	0	1	0:00:00.026380
7900	0	8	0	0:00:00.026492
8000	9	9	1	0:00:00.026506
8100	6	6	1	0:00:00.026500
8200	3	4	0	0:00:00.026466
8300	5	-1	0	0:00:00.026357
8400	0	0	1	0:00:00.026372
8500	4	4	1	0:00:00.026608
8600	3	5	0	0:00:00.026484
8700	3	3	1	0:00:00.026506
8800	0	0	1	0:00:00.026505
8900	2	4	0	0:00:00.026462
9000	8	8	1	0:00:00.026373
9100	9	1	0	0:00:00.026354
9200	8	8	1	0:00:00.026404
9300	5	5	1	0:00:00.026324
9400	6	6	1	0:00:00.026366
9500	9	9	1	0:00:00.026722
9600	8	8	1	0:00:00.026561
9700	0	0	1	0:00:00.026416
9800	1	1	1	0:00:00.026490
9900	8	8	1	0:00:00.026502
